Whitelist_Process_exe
svchost.exe